yamamoto:
zncc (-575,120,714,1384,-427,472)
centroid (-575.0, 120.0, 714.0, 1384.0, 210.0, 472.0)
kameoka:
zncc (-575,120,714,1384,-427,472)
centroid (-575.0, 120.0, 714.0, 1384.0, 210.0, 472.0)
sato_s
zncc (-600.0, 250.0, -900.0, -300.0, -356.0, 486.0)
centroid (-600.0, 250.0, -900.0, -300.0, 280.0, 486.0)
shiraishi:
zncc (-210.0, 620.0, 600.0, 1330.0, -500.0, 476.0)
centroid (-210.0, 620.0, 600.0, 1330.0, 230.0, 476.0)

hirai:
zncc (0.0, 500.0, 851.0, 1494.0, -550.0, 322.0)
centroid (0.0, 500.0, 851.0, 1494.0, 70.0, 322.0)
sato:
zncc (-610.0, 0.0, 470.0, 1150.0, -372.0, 540.0)
centroid (-610.0, 0.0, 470.0, 1150.0, 250.0, 540.0)
teraoka:
zncc (-30.0, 450.0, 752.0, 1398.0, -520.0, 303.0)
centroid (-30.0, 450.0, 752.0, 1398.0, 20.0, 303.0)
tsuruta:
zncc (-50.0, 500.0, 688.0, 1298.0, -558.0, 294.0)
centroid (-50.0, 500.0, 688.0, 1298.0, 10.0, 294.0)
sone:
zncc (-600.0, -130.0, 440.0, 1037.0, -363.0, 540.0)
centroid (-600.0, -130.0, 440.0, 1037.0, 220.0, 540.0)
kudo:
zncc (-190.0, 480.0, 703.0, 1269.0, -530.0, 433.0)
centroid (72.00, 306.00, 846.00, 1114.00, 151.00, 427.00)

